6888.9
5674.8
2651            
3220.5
3858.4
3701.1
2558.2
4693.4
7647                                              
5247.8
5605.7
4821.2
5717.4
3240.4
3482.9
2420.9
6616.6
1747.6
4449.1
2468.4
2895.1
3132.6
5186.3
2623.8
4020                                                           
3014.1
10505.8
11066.8
5242.6
1590                                                          
2054                                                      
1845.2
1869.5
2359.5
3174.4
4462                                                            
4396.1
4600.7
6964.5
6761.9
1271.7
3913.1
3555             
2484.5
853.7
1872           
6513.1
3874.9
2883.1
1544.3
6913.4
3526.3
2886.7
4244.3
9716.9
5198.9
5409.7
2006.1
2139                                                    
2147.4
2087.6
5329.1
2685.7
6930.6
3380.4
1496.9
2913.4
4968.5
3250.4
3840.5
2971.6
2378.4
6714.9
6081                                                            
7433.7
3797.2
5551.6
5220.6
4559.4
3434.4
3922.8
7063.6
3564.4
6105.8
5476.9
6287.4
10849.6
3327.2
3294.6
7218                                                     
6219                                                   
5190.6
3196.6
3882.7
6499.4
5072.3
2635.7
6162.3
5022                                                              
4510.3
5910.2
4912.8
4618.1
4025.9
2644.3
4807                                                          
4764                                                        
6521.7
6289.7
5248.5
3649.9
4521.2
10755.8
5346.7
5279.9
4249.1
4527.2
6882.1
1882        
2122.5